name: projector2
channels:
  - conda-forge
  - defaults
dependencies:
  - blas=1.0=mkl
  - bzip2=1.0.8=he774522_0
  - ca-certificates=2023.11.17=h56e8100_0
  - cx_freeze=6.15.11=py311ha68e1ae_0
  - cx_logging=3.1.0=py311ha68e1ae_2
  - eigen=3.4.0=h59b6b97_0
  - ffmpeg=4.2.2=he774522_0
  - freetype=2.12.1=ha860e81_0
  - giflib=5.2.1=h8cc25b3_3
  - glib=2.69.1=h5dc1a3c_2
  - gst-plugins-base=1.18.5=h9e645db_0
  - gstreamer=1.18.5=hd78058f_0
  - hdf5=1.12.1=h51c971a_3
  - icc_rt=2022.1.0=h6049295_2
  - icu=58.2=ha925a31_3
  - intel-openmp=2023.1.0=h59b6b97_46320
  - jpeg=9e=h2bbff1b_1
  - krb5=1.20.1=h5b6d351_0
  - lerc=3.0=hd77b12b_0
  - libclang=14.0.6=default_hb5a9fac_1
  - libclang13=14.0.6=default_h8e68704_1
  - libdeflate=1.17=h2bbff1b_1
  - libffi=3.4.4=hd77b12b_0
  - libiconv=1.16=h2bbff1b_2
  - liblief=0.12.3=h63175ca_0
  - libogg=1.3.5=h2bbff1b_1
  - libpng=1.6.39=h8cc25b3_0
  - libpq=12.15=h906ac69_1
  - libprotobuf=3.20.3=h23ce68f_0
  - libtiff=4.5.1=hd77b12b_0
  - libvorbis=1.3.7=he774522_0
  - libwebp=1.3.2=hbc33d0d_0
  - libwebp-base=1.3.2=h2bbff1b_0
  - libxml2=2.10.4=h0ad7f3c_1
  - libxslt=1.1.37=h2bbff1b_1
  - lz4-c=1.9.4=h2bbff1b_0
  - mkl=2023.1.0=h6b88ed4_46358
  - mkl-service=2.4.0=py311h2bbff1b_1
  - mkl_fft=1.3.8=py311h2bbff1b_0
  - mkl_random=1.2.4=py311h59b6b97_0
  - numpy=1.26.2=py311hdab7c0b_0
  - numpy-base=1.26.2=py311hd01c5d8_0
  - opencv=4.6.0=py311h5d08a89_5
  - openssl=3.2.0=hcfcfb64_1
  - pcre=8.45=hd77b12b_0
  - pip=23.3.1=py311haa95532_0
  - py-lief=0.12.3=py311h12c1d0e_0
  - python=3.11.5=he1021f5_0
  - python_abi=3.11=2_cp311
  - qt-main=5.15.2=h879a1e9_9
  - qt-webengine=5.15.9=h5bd16bc_7
  - qtwebkit=5.212=h2bbfb41_5
  - setuptools=68.0.0=py311haa95532_0
  - sqlite=3.41.2=h2bbff1b_0
  - tbb=2021.8.0=h59b6b97_0
  - tk=8.6.12=h2bbff1b_0
  - tzdata=2023c=h04d1e81_0
  - ucrt=10.0.22621.0=h57928b3_0
  - vc=14.2=h21ff451_1
  - vc14_runtime=14.36.32532=hdcecf7f_17
  - vs2015_runtime=14.36.32532=h05e6639_17
  - wheel=0.41.2=py311haa95532_0
  - xz=5.4.5=h8cc25b3_0
  - zlib=1.2.13=h8cc25b3_0
  - zstd=1.5.5=hd43e919_0
  - pip:
    - altgraph==0.17.4
    - auto-py-to-exe==2.42.0
    - bottle==0.12.25
    - bottle-websocket==0.2.9
    - cffi==1.16.0
    - eel==0.16.0
    - future==0.18.3
    - gevent==23.9.1
    - gevent-websocket==0.10.1
    - greenlet==3.0.2
    - opencv-python==4.8.1.78
    - packaging==23.2
    - pefile==2023.2.7
    - pycparser==2.21
    - pyinstaller==6.3.0
    - pyinstaller-hooks-contrib==2023.10
    - pyparsing==3.1.1
    - pywin32-ctypes==0.2.2
    - whichcraft==0.6.1
    - zope-event==5.0
    - zope-interface==6.1
prefix: C:\Users\deeman\anaconda3\envs\projector2
