%YAML:1.0
---
cameraMatrix: !!opencv-matrix
   rows: 3
   cols: 3
   dt: d
   data: [ 1.0004002477723380e+03, 0., 6.3278705239108695e+02, 0.,
       1.0016846834700684e+03, 3.6110338871974466e+02, 0., 0., 1. ]
distCoeffs: !!opencv-matrix
   rows: 1
   cols: 5
   dt: d
   data: [ 5.1846131722174407e-02, -6.5023231710377516e-01,
       -8.5006408849485737e-04, -1.6644216156269187e-03,
       1.2736059386727661e+00 ]
